0 0.7345012426376343 0.846577525138855 0.4552997350692749 0.1982690691947937
0 0.26918262243270874 0.8808025121688843 0.4530733823776245 0.12824547290802002
0 0.2708524465560913 0.7600314617156982 0.4408280849456787 0.10857591032981873
2 0.26751285791397095 0.6955153346061707 0.44305455684661865 0.015735626220703125
0 0.26751285791397095 0.5487805008888245 0.4541865587234497 0.27616047859191895
0 0.26751285791397095 0.3237608075141907 0.4497337341308594 0.1644374132156372
0 0.2697392702102661 0.14948856830596924 0.45641303062438965 0.17466557025909424
0 0.737284243106842 0.6605035066604614 0.4541865587234497 0.1675845980644226
0 0.7356144189834595 0.4905586242675781 0.4419413208961487 0.12037765979766846
0 0.7367276549339294 0.3210070729255676 0.4552997350692749 0.20456337928771973
0 0.737284243106842 0.13729345798492432 0.45863938331604004 0.1518489122390747
2 0.7367276549339294 0.5649095177650452 0.45752620697021484 0.025177001953125
